    344    249    255    297    212    271    317    277    234    279    289    384    307    371    263    293
    308    242    335    347    278    237    291    256    246    343    288    289    260    369    322    327
    301    263    314    290    221    256    289    256    241    317    243    353    288    364    269    301
    366    285    345    306    279    292    387    293    271    328    337    441    352    454    359    364
    301    232    312    308    278    224    309    259    180    388    235    306    245    384    270    310
    388    292    365    419    346    272    389    322    294    390    351    370    333    447    366    347
    355    261    325    305    336    293    356    290    265    319    291    371    303    495    364    341
    369    261    292    375    235    216    338    269    242    322    347    248    295    377    303    390
    287    159    224    243    186    168    268    220    140    257    227    222    194    304    220    293
    298    294    358    305    252    236    305    287    268    361    267    367    355    408    330    349
    272    274    284    306    184    166    299    239    257    272    264    264    271    260    225    284
    379    375    456    442    368    366    393    386    313    522    379    486    428    512    457    473
    312    277    340    363    331    310    281    341    270    464    232    326    306    494    361    399
    382    282    338    407    308    282    365    288    288    410    318    351    342    501    349    468
    335    279    369    421    362    289    388    263    368    414    297    351    383    516    392    454
    363    369    351    381    300    260    372    382    283    421    357    313    347    429    367    388
